# MPiPi forcefield for slab simulation

# Joseph J A, Reinhardt A, Aguirre A, et al. 
# Physics-driven coarse-grained model for biomolecular phase separation with 
# near-quantitative accuracy[J]. 
# Nature computational science, 2021, 1(11): 732-743.

[ function-type ]
#  LJ              Couloumb
   Wang-Frenkel    Debye-Huckel

[ residue-type ]
#   abbr   name     mass       charges
    E      GLU      129.11     -0.75
    D      ASP      115.09     -0.75
    R      ARG      156.19      0.75
    K      LYS      128.17      0.75
    I      ILE      113.16      0
    V      VAL      99.13       0
    L      LEU      113.16      0
    T      THR      101.11      0
    H      HIS      137.14      0.375
    M      MET      131.2       0
    G      GLY      57.05       0
    A      ALA      71.07       0
    C      CYS      103.14      0
    S      SER      87.08       0
    P      PRO      97.12       0
    N      ASN      114.1       0
    Q      GLN      128.13      0
    F      PHE      147.18      0
    Y      TYR      163.18      0
    W      TRP      186.22      0

[ residue-ptm ]
#   abbr   name          mass       charges
    Sp     SER_Phos      167.08     -2
    Tp     THR_Phos      181.11     -2
    Yp     TYR_Phos      243.18     -2
    Ka     LYS_Ace       170.17      0
    Rm     Arg_MET       184.19      1

[ bond ]
# bond_name
  HPSBond
# bond_length  k 
  0.381        8030
# Terminal-1-residue
H R K I F L W A M P C N V G S Q Y D E T Sp Tp Yp Ka Rm
# Terminal-2-residue
H R K I F L W A M P C N V G S Q Y D E T Sp Tp Yp Ka Rm

[ residue-epsilon ]
E D R K I V L T H M G A C S P N Q F Y W Sp Tp Yp Ka Rm
0.358242 0.344590 0.006502 0.002201 0.242639 0.253479 0.264818 0.306160 0.007494 0.324582 0.443630 0.345326 0.386811 0.370677 0.406404 0.647344 0.661151 1.061129 1.118751 1.393034 0.027835 0.021929 0.146568 0.533939 0.002869 
0.344590 0.330938 0.006368 0.002063 0.224208 0.235049 0.246387 0.287729 0.007355 0.306152 0.425199 0.326896 0.368380 0.352247 0.387974 0.628914 0.642721 1.042699 1.100321 1.374603 0.056330 0.086476 0.283110 0.905577 0.002825 
0.006502 0.006368 0.376209 0.510189 0.635675 0.646520 0.657859 0.699197 0.519808 0.717619 0.836666 0.738363 0.779847 0.763718 0.799441 1.040381 1.054188 2.280037 2.543119 2.893893 0.104149 0.383979 1.884138 1.214322 0.077140 
0.002201 0.002063 0.510189 0.079986 0.054815 0.065660 0.076998 0.118336 0.365556 0.136758 0.255806 0.157502 0.198987 0.182858 0.218581 0.459520 0.473328 0.482315 0.429701 0.438466 0.095317 0.108374 0.260433 0.674116 0.686748 
0.242639 0.224208 0.635675 0.054815 0.001653 0.012493 0.023832 0.065170 0.769463 0.083592 0.202630 0.104336 0.145825 0.129691 0.165419 0.406358 0.420161 0.820139 0.877761 1.152048 0.089216 0.061946 0.406425 0.517337 0.929687 
0.253479 0.235049 0.646520 0.065660 0.012493 0.023338 0.034677 0.076015 0.780308 0.094437 0.213484 0.115181 0.156666 0.140536 0.176259 0.417199 0.431006 0.830984 0.888606 1.162888 0.097496 0.064707 0.230153 0.724492 1.260071 
0.264818 0.246387 0.657859 0.076998 0.023832 0.034677 0.046016 0.087354 0.791646 0.105776 0.224823 0.126520 0.168004 0.151875 0.187598 0.428538 0.442345 0.842323 0.899945 1.174227 0.048502 0.040694 0.170094 0.589427 0.884518 
0.306160 0.287729 0.699197 0.118336 0.065170 0.076015 0.087354 0.128691 0.832984 0.147114 0.266161 0.167858 0.209342 0.193213 0.228936 0.469876 0.483683 0.883661 0.941283 1.215565 0.048980 0.332054 0.333653 0.105086 0.089505 
0.007494 0.007355 0.519808 0.365556 0.769463 0.780308 0.791646 0.832984 0.113872 0.851406 0.970454 0.872151 0.913635 0.897506 0.933229 1.174168 1.187976 1.587954 1.645576 1.919858 0.785709 0.615430 2.198593 1.538061 0.421040 
0.324582 0.306152 0.717619 0.136758 0.083592 0.094437 0.105776 0.147114 0.851406 0.165536 0.284583 0.186280 0.227764 0.211635 0.247358 0.488298 0.502105 0.902083 0.959705 1.233991 0.147211 0.098749 0.801308 1.167536 1.037910 
0.443630 0.425199 0.836666 0.255806 0.202630 0.213484 0.224823 0.266161 0.970454 0.284583 0.403630 0.305327 0.346812 0.330682 0.366405 0.607345 0.621152 1.021130 1.078752 1.353039 0.103683 0.188050 1.244672 0.542571 0.438612 
0.345326 0.326896 0.738363 0.157502 0.104336 0.115181 0.126520 0.167858 0.872151 0.186280 0.305327 0.207024 0.248509 0.232379 0.268102 0.509046 0.522849 0.922827 0.980449 1.254736 0.050143 0.079426 0.312535 0.882679 0.743580 
0.386811 0.368380 0.779847 0.198987 0.145825 0.156666 0.168004 0.209342 0.913635 0.227764 0.346812 0.248509 0.289997 0.273864 0.309591 0.550531 0.564334 0.964312 1.021934 1.296220 0.133824 0.135327 0.968568 0.711666 0.975087 
0.370677 0.352247 0.763718 0.182858 0.129691 0.140536 0.151875 0.193213 0.897506 0.211635 0.330682 0.232379 0.273864 0.257734 0.293457 0.534397 0.548204 0.948182 1.005804 1.280086 0.107810 0.100531 0.208336 0.239035 0.503180 
0.406404 0.387974 0.799441 0.218581 0.165419 0.176259 0.187598 0.228936 0.933229 0.247358 0.366405 0.268102 0.309591 0.293457 0.329185 0.570124 0.583927 0.983905 1.041527 1.315814 0.067573 0.073930 0.400909 0.456563 0.471958 
0.647344 0.628914 1.040381 0.459520 0.406358 0.417199 0.428538 0.469876 1.174168 0.488298 0.607345 0.509046 0.550531 0.534397 0.570124 0.811064 0.824867 1.224845 1.282467 1.556753 0.278881 0.255712 0.687124 1.676152 0.785672 
0.661151 0.642721 1.054188 0.473328 0.420161 0.431006 0.442345 0.483683 1.187976 0.502105 0.621152 0.522849 0.564334 0.548204 0.583927 0.824867 0.838674 1.238652 1.296274 1.570556 0.361853 0.351963 0.237325 1.308873 1.041203 
1.061129 1.042699 2.280037 0.482315 0.820139 0.830984 0.842323 0.883661 1.587954 0.902083 1.021130 0.922827 0.964312 0.948182 0.983905 1.224845 1.238652 1.638630 1.696252 1.970538 0.926361 0.783952 0.536079 1.282418 0.330036 
1.118751 1.100321 2.543119 0.429701 0.877761 0.888606 0.899945 0.941283 1.645576 0.959705 1.078752 0.980449 1.021934 1.005804 1.041527 1.282467 1.296274 1.696252 1.753874 2.028156 0.914919 0.344155 0.365048 1.172352 0.491941 
1.393034 1.374603 2.893893 0.438466 1.152048 1.162888 1.174227 1.215565 1.919858 1.233991 1.353039 1.254736 1.296220 1.280086 1.315814 1.556753 1.570556 1.970538 2.028156 2.302443 1.081838 0.854351 0.321050 1.413409 0.515240 
0.027835 0.056330 0.104149 0.095317 0.089216 0.097496 0.048502 0.048980 0.785709 0.147211 0.103683 0.050143 0.133824 0.107810 0.067573 0.278881 0.361853 0.926361 0.914919 1.081838 0.256337 0.133132 0.120215 0.144932 0.214035 
0.021929 0.086476 0.383979 0.108374 0.061946 0.064707 0.040694 0.332054 0.615430 0.098749 0.188050 0.079426 0.135327 0.100531 0.073930 0.255712 0.351963 0.783952 0.344155 0.854351 0.133132 0.254392 0.113520 0.089465 0.193196 
0.146568 0.283110 1.884138 0.260433 0.406425 0.230153 0.170094 0.333653 2.198593 0.801308 1.244672 0.312535 0.968568 0.208336 0.400909 0.687124 0.237325 0.536079 0.365048 0.321050 0.120215 0.113520 0.310565 0.785821 0.617887 
0.533939 0.905577 1.214322 0.674116 0.517337 0.724492 0.589427 0.105086 1.538061 1.167536 0.542571 0.882679 0.711666 0.239035 0.456563 1.676152 1.308873 1.282418 1.172352 1.413409 0.144932 0.089465 0.785821 0.582466 1.884353 
0.002869 0.002825 0.077140 0.686748 0.929687 1.260071 0.884518 0.089505 0.421040 1.037910 0.438612 0.743580 0.975087 0.503180 0.471958 0.785672 1.041203 0.330036 0.491941 0.515240 0.214035 0.193196 0.617887 1.884353 0.194212 

[ residue-sigma ]
E D R K I V L T H M G A C S P N Q F Y W Sp Tp Yp Ka Rm
0.617767 0.600058 0.650709 0.641358 0.632333 0.615504 0.632146 0.602654 0.625600 0.631818 0.543637 0.572198 0.595036 0.579422 0.599152 0.604999 0.622721 0.640180 0.645370 0.661969 0.763874 0.843677 0.901288 0.634496 0.785992 
0.600058 0.582352 0.632986 0.623699 0.614699 0.597874 0.614509 0.584987 0.607876 0.614146 0.525925 0.554510 0.577340 0.561730 0.581455 0.587280 0.605004 0.622456 0.627647 0.644244 0.668229 0.773327 0.802409 0.602745 0.680969 
0.650709 0.632986 0.683905 0.673819 0.664491 0.647780 0.664461 0.635202 0.658837 0.664396 0.576639 0.604909 0.627828 0.612191 0.631985 0.638103 0.655828 0.673424 0.678624 0.695255 0.713171 0.776725 0.822144 0.577051 0.806644 
0.641358 0.623699 0.673819 0.667134 0.661800 0.643354 0.659256 0.627940 0.648660 0.656778 0.567134 0.596669 0.619115 0.603618 0.623106 0.628255 0.645969 0.663228 0.668408 0.684969 0.698250 0.791175 0.679034 0.708637 0.737304 
0.632333 0.614699 0.664491 0.661800 0.692168 0.671801 0.660772 0.621462 0.639315 0.649639 0.558033 0.588726 0.610587 0.595253 0.614386 0.618999 0.636715 0.653879 0.659055 0.675603 0.681902 0.774170 0.912335 0.808701 0.732921 
0.615504 0.597874 0.647780 0.643354 0.671801 0.626600 0.639093 0.603697 0.622610 0.632057 0.541239 0.571467 0.593567 0.578166 0.597433 0.602261 0.619973 0.637178 0.642355 0.658912 0.655613 0.752097 0.873398 0.778534 0.685109 
0.632146 0.614509 0.664461 0.659256 0.660772 0.639093 0.653407 0.619809 0.639294 0.648344 0.557893 0.587918 0.610125 0.594697 0.614021 0.618936 0.636649 0.653860 0.659039 0.675594 0.741637 0.849944 0.869818 0.780202 0.718864 
0.602654 0.584987 0.635202 0.627940 0.621462 0.603697 0.619809 0.588906 0.610053 0.617823 0.528442 0.557795 0.580321 0.564801 0.584320 0.589610 0.607329 0.624625 0.629806 0.646378 0.745592 0.800185 0.740056 1.284173 1.258868 
0.625600 0.607876 0.658837 0.648660 0.639315 0.622610 0.639294 0.610053 0.633778 0.639251 0.551541 0.579777 0.602702 0.587063 0.606865 0.613018 0.630743 0.648367 0.653569 0.670209 0.693682 0.765614 0.894832 0.730635 0.744107 
0.631818 0.614146 0.664396 0.656778 0.649639 0.632057 0.648344 0.617823 0.639251 0.646795 0.557618 0.586850 0.609429 0.593894 0.613446 0.618802 0.636519 0.653821 0.659004 0.675573 0.697779 0.787638 0.667300 0.528738 0.725209 
0.543637 0.525925 0.576639 0.567134 0.558033 0.541239 0.557893 0.528442 0.551541 0.557618 0.469511 0.498013 0.520872 0.505252 0.524999 0.530902 0.548630 0.566122 0.571317 0.587924 0.587625 0.577113 0.653038 0.786677 0.645911 
0.572198 0.554510 0.604909 0.596669 0.588726 0.571467 0.587918 0.557795 0.579777 0.586850 0.498013 0.527007 0.549687 0.534119 0.553738 0.559268 0.576988 0.594352 0.599537 0.616122 0.674234 0.758971 0.525313 0.752103 0.655873 
0.595036 0.577340 0.627828 0.619115 0.610587 0.593567 0.610125 0.580321 0.602702 0.609429 0.520872 0.549687 0.572436 0.556848 0.576515 0.582164 0.599885 0.617279 0.622465 0.639053 0.676196 0.766586 0.517133 0.782642 0.694662 
0.579422 0.561730 0.612191 0.603618 0.595253 0.578166 0.594697 0.564801 0.587063 0.593894 0.505252 0.534119 0.556848 0.541267 0.560932 0.566533 0.584255 0.601640 0.606828 0.623414 0.676945 0.777170 0.846798 1.073989 1.165630 
0.599152 0.581455 0.631985 0.623106 0.614386 0.597433 0.614021 0.584320 0.606865 0.613446 0.524999 0.553738 0.576515 0.560932 0.580616 0.586308 0.604035 0.621441 0.626630 0.643217 0.974092 0.873553 0.810648 0.935874 0.939733 
0.604999 0.587280 0.638103 0.628255 0.618999 0.602261 0.618936 0.589610 0.613018 0.618802 0.530902 0.559268 0.582164 0.566533 0.586308 0.592335 0.610059 0.627603 0.632798 0.649416 0.588611 0.776759 0.657730 0.659876 0.767523 
0.622721 0.605004 0.655828 0.645969 0.636715 0.619973 0.636649 0.607329 0.630743 0.636519 0.548630 0.576988 0.599885 0.584255 0.604035 0.610059 0.627785 0.645328 0.650525 0.667141 0.613147 0.788860 0.643943 0.515265 0.732818 
0.640180 0.622456 0.673424 0.663228 0.653879 0.637178 0.653860 0.624625 0.648367 0.653821 0.566122 0.594352 0.617279 0.601640 0.621441 0.627603 0.645328 0.662955 0.668159 0.684798 0.603044 0.736975 0.658350 0.650464 0.964654 
0.645370 0.627647 0.678624 0.668408 0.659055 0.642355 0.659039 0.629806 0.653569 0.659004 0.571317 0.599537 0.622465 0.606828 0.626630 0.632798 0.650525 0.668159 0.673363 0.690005 0.615154 0.708980 0.662127 0.630894 0.940703 
0.661969 0.644244 0.695255 0.684969 0.675603 0.658912 0.675594 0.646378 0.670209 0.675573 0.587924 0.616122 0.639053 0.623414 0.643217 0.649416 0.667141 0.684798 0.690005 0.706655 0.705298 0.817784 1.016860 0.691396 1.007253 
0.763874 0.668229 0.713171 0.698250 0.681902 0.655613 0.741637 0.745592 0.693682 0.697779 0.587625 0.674234 0.676196 0.676945 0.974092 0.588611 0.613147 0.603044 0.615154 0.705298 0.587709 0.570567 1.011261 1.005489 1.237869 
0.843677 0.773327 0.776725 0.791175 0.774170 0.752097 0.849944 0.800185 0.765614 0.787638 0.577113 0.758971 0.766586 0.777170 0.873553 0.776759 0.788860 0.736975 0.708980 0.817784 0.570567 0.711521 0.887742 0.996047 1.208148 
0.901288 0.802409 0.822144 0.679034 0.912335 0.873398 0.869818 0.740056 0.894832 0.667300 0.653038 0.525313 0.517133 0.846798 0.810648 0.657730 0.643943 0.658350 0.662127 1.016860 1.011261 0.887742 0.916810 0.765598 0.730553 
0.634496 0.602745 0.577051 0.708637 0.808701 0.778534 0.780202 1.284173 0.730635 0.528738 0.786677 0.752103 0.782642 1.073989 0.935874 0.659876 0.515265 0.650464 0.630894 0.691396 1.005489 0.996047 0.765598 0.571874 0.606573 
0.785992 0.680969 0.806644 0.737304 0.732921 0.685109 0.718864 1.258868 0.744107 0.725209 0.645911 0.655873 0.694662 1.165630 0.939733 0.767523 0.732818 0.964654 0.940703 1.007253 1.237869 1.208148 0.730553 0.606573 1.197165 

[ residue-mu ]
E D R K I V L T H M G A C S P N Q F Y W Sp Tp Yp Ka Rm
2  2  2  2  2  2  2  2  2  2  2  2  2  2  2  2  2  2  2  2  2  2  2  2  2
2  2  2  2  2  2  2  2  2  2  2  2  2  2  2  2  2  2  2  2  2  2  2  2  2
2  2  2  2  2  2  2  2  2  2  2  2  2  2  2  2  2  2  2  2  2  2  2  2  2
2  2  2  2  2  2  2  2  2  2  2  2  2  2  2  2  2  2  2  2  2  2  2  2  2
2  2  2  2  11 4  2  2  2  2  2  2  2  2  2  2  2  2  2  2  2  2  2  2  2
2  2  2  2  4  2  2  2  2  2  2  2  2  2  2  2  2  2  2  2  2  2  2  2  2
2  2  2  2  2  2  2  2  2  2  2  2  2  2  2  2  2  2  2  2  2  2  2  2  2
2  2  2  2  2  2  2  2  2  2  2  2  2  2  2  2  2  2  2  2  2  2  2  2  2
2  2  2  2  2  2  2  2  2  2  2  2  2  2  2  2  2  2  2  2  2  2  2  2  2
2  2  2  2  2  2  2  2  2  2  2  2  2  2  2  2  2  2  2  2  2  2  2  2  2
2  2  2  2  2  2  2  2  2  2  2  2  2  2  2  2  2  2  2  2  2  2  2  2  2
2  2  2  2  2  2  2  2  2  2  2  2  2  2  2  2  2  2  2  2  2  2  2  2  2
2  2  2  2  2  2  2  2  2  2  2  2  2  2  2  2  2  2  2  2  2  2  2  2  2
2  2  2  2  2  2  2  2  2  2  2  2  2  2  2  2  2  2  2  2  2  2  2  2  2
2  2  2  2  2  2  2  2  2  2  2  2  2  2  2  2  2  2  2  2  2  2  2  2  2
2  2  2  2  2  2  2  2  2  2  2  2  2  2  2  2  2  2  2  2  2  2  2  2  2
2  2  2  2  2  2  2  2  2  2  2  2  2  2  2  2  2  2  2  2  2  2  2  2  2
2  2  2  2  2  2  2  2  2  2  2  2  2  2  2  2  2  2  2  2  2  2  2  2  2
2  2  2  2  2  2  2  2  2  2  2  2  2  2  2  2  2  2  2  2  2  2  2  2  2
2  2  2  2  2  2  2  2  2  2  2  2  2  2  2  2  2  2  2  2  2  2  2  2  2
2  2  2  2  2  2  2  2  2  2  2  2  2  2  2  2  2  2  2  2  2  2  2  2  2
2  2  2  2  2  2  2  2  2  2  2  2  2  2  2  2  2  2  2  2  2  2  2  2  2
2  2  2  2  2  2  2  2  2  2  2  2  2  2  2  2  2  2  2  2  2  2  2  2  2
2  2  2  2  2  2  2  2  2  2  2  2  2  2  2  2  2  2  2  2  2  2  2  2  2
2  2  2  2  2  2  2  2  2  2  2  2  2  2  2  2  2  2  2  2  2  2  2  2  2


